stars <- c('*'= 0.1, '**' = 0.05, '***'= 0.01)